AFTER 

																																																																																													
REPORT NAME : W-PB-eFDFPX-0126-SUMM@31072026																																																																																													
 																																																																																													
PB eFD via FPX Campaign : 																																																																																													
Summary of Cumulative Original Placements as at 31/07/2026 (Individual & Non Individual)																																																																																													
- (Campaign Period : 1 July 2026 to 30 September 2026)																																																																																													
Summary By Region																																																																																													
 																																																																																													
		TOTAL PLACEMENT SINCE CAMPAIGN LAUNCHED (ORIGAMT)								OF WHICH, TOTAL PLACEMENT FROM NEW A/C (ORIGAMT)								OF WHICH, PREMATURE WITHDRAWAL/MATURED (ORIGAMT)								TOTAL OUTSTANDING PLACEMENT AMOUNT SINCE CAMPAIGN LAUNCHED (ORIGAMT)								TOTAL PLACEMENT SINCE CAMPAIGN LAUNCHED (ORIGAMT)																								TOTAL OUTSTANDING PLACEMENT AMOUNT SINCE CAMPAIGN LAUNCHED (ORIGAMT)																																			
																																		[BREAKDOWN BY TENURE]																								[BREAKDOWN BY TENURE]																																			
		TOTAL PB eFD								TOTAL PB eFD								TOTAL PB eFD								TOTAL PB eFD								PB eFD																								PB eFD																																			
		(3 , 6 , 9 , 12 & 15 MTHS TENURE)								(3 , 6 , 9 , 12 & 15 MTHS TENURE)								(3 , 6 , 9 , 12 & 15 MTHS TENURE)								(3 , 6 , 9 , 12 & 15 MTHS TENURE)								3 MTHS						6 MTHS						9 MTHS						12 MTHS						15 MTHS						3 MTHS						6 MTHS						9 MTHS						12 MTHS						15 MTHS					
		INDIVIDUAL		INDIVIDUAL (OF WHICH, STAFF)		NON-INDIVIDUAL		TOTAL INDIVIDUAL & NON-INDIVIDUAL		INDIVIDUAL		INDIVIDUAL (OF WHICH, STAFF)		NON-INDIVIDUAL		TOTAL INDIVIDUAL & NON-INDIVIDUAL		INDIVIDUAL		INDIVIDUAL (OF WHICH, STAFF)		NON-INDIVIDUAL		TOTAL INDIVIDUAL & NON-INDIVIDUAL		INDIVIDUAL		INDIVIDUAL (OF WHICH, STAFF)		NON-INDIVIDUAL		TOTAL INDIVIDUAL & NON-INDIVIDUAL		INDIVIDUAL		INDIVIDUAL (OF WHICH, STAFF)		NON-INDIVIDUAL		INDIVIDUAL		INDIVIDUAL (OF WHICH, STAFF)		NON-INDIVIDUAL		INDIVIDUAL		INDIVIDUAL (OF WHICH, STAFF)		NON-INDIVIDUAL		INDIVIDUAL		INDIVIDUAL (OF WHICH, STAFF)		NON-INDIVIDUAL		INDIVIDUAL		INDIVIDUAL (OF WHICH, STAFF)		NON-INDIVIDUAL		INDIVIDUAL		INDIVIDUAL (OF WHICH, STAFF)		NON-INDIVIDUAL		INDIVIDUAL		INDIVIDUAL (OF WHICH, STAFF)		NON-INDIVIDUAL		INDIVIDUAL		INDIVIDUAL (OF WHICH, STAFF)		NON-INDIVIDUAL		INDIVIDUAL		INDIVIDUAL (OF WHICH, STAFF)		NON-INDIVIDUAL		INDIVIDUAL		INDIVIDUAL (OF WHICH, STAFF)		NON-INDIVIDUAL	
NO.	 REGION	NO. OF A/C	AMT(RM)	NO. OF A/C	AMT(RM)	NO. OF A/C	AMT(RM)	NO. OF A/C	AMT(RM)	NO. OF A/C	AMT(RM)	NO. OF A/C	AMT(RM)	NO. OF A/C	AMT(RM)	NO. OF A/C	AMT(RM)	NO. OF A/C	AMT(RM)	NO. OF A/C	AMT(RM)	NO. OF A/C	AMT(RM)	NO. OF A/C	AMT(RM)	NO. OF A/C	AMT(RM)	NO. OF A/C	AMT(RM)	NO. OF A/C	AMT(RM)	NO. OF A/C	AMT(RM)	NO. OF A/C	AMT(RM)	NO. OF A/C	AMT(RM)	NO. OF A/C	AMT(RM)	NO. OF A/C	AMT(RM)	NO. OF A/C	AMT(RM)	NO. OF A/C	AMT(RM)	NO. OF A/C	AMT(RM)	NO. OF A/C	AMT(RM)	NO. OF A/C	AMT(RM)	NO. OF A/C	AMT(RM)	NO. OF A/C	AMT(RM)	NO. OF A/C	AMT(RM)	NO. OF A/C	AMT(RM)	NO. OF A/C	AMT(RM)	NO. OF A/C	AMT(RM)	NO. OF A/C	AMT(RM)	NO. OF A/C	AMT(RM)	NO. OF A/C	AMT(RM)	NO. OF A/C	AMT(RM)	NO. OF A/C	AMT(RM)	NO. OF A/C	AMT(RM)	NO. OF A/C	AMT(RM)	NO. OF A/C	AMT(RM)	NO. OF A/C	AMT(RM)	NO. OF A/C	AMT(RM)	NO. OF A/C	AMT(RM)	NO. OF A/C	AMT(RM)	NO. OF A/C	AMT(RM)	NO. OF A/C	AMT(RM)	NO. OF A/C	AMT(RM)
1	CENTRAL	3,337	301,523,348.06	33	2,006,653.65	11	1,173,906.11	3,348	302,697,254.17	304	11,311,554.88	1	30,000.00	2	78,100.00	306	11,389,654.88	1,393	74,060,010.51	23	674,217.55	3	100,375.00	1,396	74,160,385.51	3,036	227,463,337.55	24	1,332,436.10	10	1,073,531.11	3,046	228,536,868.66	1,060	73,076,926.22	22	958,786.65	5	265,375.00	2158	146,308,019.76	20	906,960.00	5	345,608.61	36	757,198.94	0	0	0	0	1281	72,648,347.40	5	140,907.00	7	535,922.50	281	8732855.74	0	0	1	27000	706	31,229,042.27	13	514,869.10	5	165,000.00	1903	116,196,872.73	15	676,660.00	5	345,608.61	34	747,198.94	0	0	0	0	1241	70,733,592.11	5	140,907.00	7	535,922.50	277	8556631.5	0	0	1	27000
2	EAST COAST	1,134	106,830,137.31	18	687,843.80	3	197,200.00	1,137	107,027,337.31	107	3,995,055.87	2	103,000.00	0	0	107	3,995,055.87	480	26,953,893.25	10	331,533.95	1	10,000.00	481	26,963,893.25	1,039	79,876,244.06	12	356,309.85	3	187,200.00	1,042	80,063,444.06	369	28,392,023.45	13	343,576.80	0	0	740	48,684,309.42	8	302,152.00	2	119,600.00	15	485,002.56	0	0	1	5,000.00	406	25,900,157.08	3	42,115.00	3	72,600.00	98	3368644.8	0	0	0	0	258	12,255,333.48	6	150,042.85	0	0	664	38,476,686.79	7	164,152.00	2	109,600.00	15	477,002.56	0	0	1	5,000.00	397	25,328,576.43	3	42,115.00	3	72,600.00	98	3338644.8	0	0	0	0
3	NORTHERN	5,662	605,146,527.87	46	3,055,071.86	10	935,000.00	5,672	606,081,527.87	535	21,985,855.69	3	125,000.00	1	90,000.00	536	22,075,855.69	2,441	147,727,428.85	31	1,432,487.88	6	285,000.00	2,447	148,012,428.85	5,184	457,419,099.02	30	1,622,583.98	8	650,000.00	5,192	458,069,099.02	1,756	147,185,089.81	30	1,633,118.13	5	363,000.00	3675	281,447,531.61	20	1,106,742.85	2	120,000.00	68	1,994,636.47	0	0	0	0	2239	149,467,926.52	9	193,210.88	5	452,000.00	536	25051343.46	2	122000	0	0	1,196	63,734,898.34	16	562,330.25	5	172,000.00	3258	221,926,350.31	12	752,042.85	2	90,000.00	66	1,970,636.47	0	0	0	0	2177	144,887,958.44	8	186,210.88	5	388,000.00	532	24899255.46	2	122000	0	0
4	SABAH	941	92,756,270.00	5	455,300.00	5	535,665.59	946	93,291,935.59	93	3,263,057.34	0	0	0	0	93	3,263,057.34	453	26,955,395.42	4	172,500.00	2	177,185.76	455	27,132,581.18	832	65,800,874.58	4	282,800.00	5	358,479.83	837	66,159,354.41	356	26,260,385.05	2	215,900.00	2	112,185.76	605	44,410,039.33	3	111,400.00	4	255,509.83	13	578,890.00	0	0	0	0	303	17,325,425.71	1	128,000.00	1	140,000.00	69	4181529.91	0	0	1	27970	243	11,322,749.85	2	98,400.00	2	25,000.00	521	33,281,259.79	2	56,400.00	4	165,509.83	13	578,890.00	0	0	0	0	290	16,544,945.03	1	128,000.00	1	140,000.00	66	4073029.91	0	0	1	27970
5	SARAWAK	2,741	282,822,610.08	36	1,591,886.00	7	472,230.00	2,748	283,294,840.08	266	9,026,384.97	4	22,500.00	0	0	266	9,026,384.97	1,212	69,975,426.72	19	833,786.00	3	330,000.00	1,215	70,305,426.72	2,438	212,847,183.36	23	758,100.00	4	142,230.00	2,442	212,989,413.36	914	72,693,102.44	24	734,045.00	3	285,000.00	1714	128,420,545.72	15	598,541.00	4	137,230.00	25	943,840.33	0	0	0	0	1079	70,389,859.25	6	229,300.00	0	0	217	10375262.34	1	30000	1	50000	617	31,090,233.91	14	241,300.00	3	5,000.00	1495	102,295,450.36	11	257,500.00	4	87,230.00	25	943,840.33	0	0	0	0	1042	68,187,396.42	6	229,300.00	0	0	216	10330262.34	1	30000	1	50000
6	SOUTHERN I	3,173	321,765,587.28	21	1,295,448.90	13	583,775.00	3,186	322,349,362.28	363	14,710,295.68	4	63,000.00	4	30,000.00	367	14,740,295.68	1,297	76,947,036.00	15	695,491.90	3	120,000.00	1,300	77,067,036.00	2,885	244,818,551.28	14	599,957.00	13	463,775.00	2,898	245,282,326.28	994	76,563,380.38	14	884,547.00	5	157,775.00	2011	153,254,083.90	12	340,901.90	6	323,000.00	40	1,079,993.61	0	0	0	0	1272	79,864,390.12	2	60,000.00	5	93,000.00	244	11003739.27	1	10000	1	10000	655	33,345,401.37	9	279,300.00	5	127,775.00	1812	121,181,354.58	8	250,657.00	6	233,000.00	39	979,993.61	0	0	0	0	1238	78,395,062.45	2	60,000.00	5	93,000.00	241	10916739.27	1	10000	1	10000
7	SOUTHERN II	3,661	360,029,377.06	29	2,917,160.04	11	439,909.92	3,672	360,469,286.98	373	14,589,060.42	1	18,000.00	1	20,000.00	374	14,609,060.42	1,514	86,474,563.03	20	1,551,162.94	6	185,173.92	1,520	86,659,736.95	3,347	273,554,814.03	23	1,365,997.10	9	254,736.00	3,356	273,809,550.03	1,133	87,002,038.45	21	1,653,246.00	5	166,488.92	2342	167,141,107.14	16	783,720.53	6	245,421.00	37	1,013,051.00	1	239,666.00	0	0	1446	91,323,286.25	5	223,288.51	2	20,000.00	332	13549894.22	1	17239	1	8000	774	36,931,517.38	15	489,764.00	5	101,315.00	2101	133,863,400.90	12	440,939.59	6	125,421.00	36	983,051.00	1	239,666.00	0	0	1406	88,425,450.53	4	178,388.51	2	20,000.00	324	13351394.22	1	17239	1	8000
8	WP/SEL I	3,583	439,279,886.49	40	5,818,677.44	11	1,223,172.50	3,594	440,503,058.99	349	21,333,276.50	4	70,306.28	1	160,000.00	350	21,493,276.50	1,519	105,235,723.11	22	1,453,008.96	6	418,131.05	1,525	105,653,854.16	3,297	334,044,163.38	34	4,365,668.48	7	805,041.45	3,304	334,849,204.83	1,096	106,887,180.36	14	958,620.45	4	123,172.50	2335	206,151,617.56	28	2,815,568.24	5	910,000.00	50	1,368,525.19	0	0	0	0	1396	106,661,197.08	12	1,985,288.75	4	160,000.00	349	18211366.3	4	59200	1	30000	751	48,495,364.76	9	552,456.31	4	5,041.45	2100	162,690,928.81	23	1,818,723.42	5	610,000.00	49	1,358,525.19	0	0	0	0	1350	103,475,860.23	11	1,935,288.75	4	160,000.00	344	18023484.39	4	59200	1	30000
9	WP/SEL II	2,718	334,841,472.64	8	345,000.00	5	1,086,888.00	2,723	335,928,360.64	283	14,851,018.59	3	20,000.00	0	0	283	14,851,018.59	1,184	81,362,270.49	3	130,000.00	3	354,888.00	1,187	81,717,158.49	2,495	253,479,202.15	8	215,000.00	5	732,000.00	2,500	254,211,202.15	872	81,744,790.06	3	170,000.00	0	0	1785	160,650,450.80	3	95,000.00	5	1,007,888.00	33	865,115.36	0	0	0	0	1100	80,510,076.58	4	80,000.00	1	79,000.00	247	11071039.84	0	0	0	0	611	36,302,873.85	2	60,000.00	0	0	1603	127,289,891.90	3	75,000.00	5	653,000.00	33	865,115.36	0	0	0	0	1070	78,033,281.20	4	80,000.00	1	79,000.00	245	10988039.84	0	0	0	0
10	WP/SEL III	3,633	510,471,551.35	23	1,846,598.74	10	852,376.36	3,643	511,323,927.71	308	16,616,338.10	0	0	2	30,000.00	310	16,646,338.10	1,624	123,480,175.36	17	731,949.74	5	187,157.55	1,629	123,667,332.91	3,345	386,991,375.99	16	1,114,649.00	9	665,218.81	3,354	387,656,594.80	1,190	119,190,623.29	9	252,953.74	3	61,210.00	2415	255,504,270.06	17	743,227.00	8	666,166.36	59	1,394,131.32	0	0	0	0	1491	114,220,207.71	10	640,418.00	3	125,000.00	397	20162318.97	3	210000	0	0	817	51,019,971.24	2	35,000.00	3	20,000.00	2170	202,510,432.09	10	275,577.00	8	520,218.81	58	1,389,131.32	0	0	0	0	1458	112,014,522.37	10	594,072.00	3	125,000.00	395	20057318.97	3	210000	0	0
11	WP/SEL IV	5,283	646,972,360.99	169	13,446,789.02	12	1,003,382.09	5,295	647,975,743.08	470	22,959,256.95	12	629,477.00	3	56,000.00	473	23,015,256.95	2,257	154,858,149.14	90	4,864,770.36	4	70,200.00	2,261	154,928,349.14	4,855	492,114,211.85	139	8,582,018.66	11	933,182.09	4,866	493,047,393.94	1,624	141,227,335.03	67	3,322,712.76	3	95,050.00	3449	313,798,957.99	104	6,270,545.76	6	426,600.00	66	1,635,020.99	2	20,000.00	0	0	2134	165,994,650.48	51	2,914,512.42	5	351,732.09	501	24316396.5	14	919018.08	2	130000	1,113	61,488,527.92	42	1,481,848.92	3	35,050.00	3081	243,846,298.79	77	4,132,206.66	6	416,400.00	63	1,499,932.97	2	20,000.00	0	0	2084	161,236,766.89	47	2,093,945.00	5	351,732.09	497	24042685.28	14	854018.08	2	130000
12	WP/SEL V	3,736	441,229,156.28	30	1,673,370.58	9	1,462,480.00	3,745	442,691,636.28	338	17,382,260.91	3	333,820.00	0	0	338	17,382,260.91	1,624	106,033,188.56	16	618,501.34	4	702,000.00	1,628	106,735,188.56	3,436	335,195,967.72	20	1,054,869.24	6	760,480.00	3,442	335,956,447.72	1,233	108,621,869.21	14	376,081.34	2	17,000.00	2392	207,162,714.27	17	911,389.24	5	850,000.00	57	1,182,786.47	1	15,000.00	0	0	1460	102,622,404.40	8	360,900.00	2	50,480.00	371	21639381.93	2	10000	1	545000	849	48,327,913.95	7	117,100.00	2	0	2158	164,416,372.03	13	561,869.24	5	165,000.00	55	1,167,786.47	1	15,000.00	0	0	1421	100,105,513.34	7	350,900.00	2	50,480.00	369	21178381.93	2	10000	1	545000
 																																																																																													
TOTAL		39,602	4,443,668,285.41	458	35,139,800.03	107	9,965,985.57	39,709	4,453,634,270.98	3,789	172,023,415.90	37	1,415,103.28	14	464,100.00	3,803	172,487,515.90	16,998	1,080,063,260.44	270	13,489,410.62	46	2,940,111.28	17,044	1,083,003,371.72	36,189	3,363,605,024.97	347	21,650,389.41	90	7,025,874.29	36,279	3,370,630,899.26	12,597	1,068,844,743.75	233	11,503,587.87	37	1,646,257.18	25621	2,112,933,647.56	263	14,986,148.52	58	5,407,023.80	499	13,298,192.24	4	274,666.00	1	5,000.00	15607	1,076,927,928.58	116	6,997,940.56	38	2,079,734.59	3642	171663773.3	28	1377457.08	9	827970	8,590	465,543,828.32	137	4,582,411.43	20	656,181.45	22866	1,667,975,299.08	193	9,461,727.76	50	3,520,988.25	486	12,961,104.22	4	274,666.00	1	5,000.00	15174	1,047,368,925.44	108	6,019,127.14	38	2,015,734.59	3604	169755867.9	28	1312457.08	9	827970
																																																																																													
	FORMULA	39,602	4,443,668,285	458	35,139,800	107	9,965,986	39,709	4,453,634,271	3,789	172,023,416	37	1,415,103	14	464,100	3,803	172,487,516	16,998	1,080,063,260	270	13,489,411	46	2,940,111	17,044	1,083,003,372	36,189	3,363,605,025	347	21,650,389	90	7,025,874	36,279	3,370,630,899	12,597	1,068,844,744	233	11,503,588	37	1,646,257	25,621	2,112,933,648	263	14,986,149	58	5,407,024	499	13,298,192	4	274,666	1	5,000	15,607	1,076,927,929	116	6,997,941	38	2,079,735	3,642	171,663,773	28	1,377,457	9	827,970	8,590	465,543,828	137	4,582,411	37	656,181	22,866	1,667,975,299	193	9,461,728	58	3,520,988	486	12,961,104	4	274,666	1	5,000	15,174	1,047,368,925	108	6,019,127	38	2,015,735	3,604	169,755,868	28	1,312,457	9	827,970
	VARIANCE	0	0	0	0	0	0	0	0	0	0	0	0	0	0	0	0	0	0	0	0	0	0	0	0	0	0	0	0	0	0	0	0	0	0	0	0	0	0	0	0	0	0	0	0	0	0	0	0	0	0	0	0	0	0	0	0	0	0	0	0	0	0	0	0	0	0	17	0	0	0	0	0	8	0	0	0	0	0	0	0	0	0	0	0	0	0	0	0	0	0	0	0
																																																																																													
																																																																																													
																																																																																													
BY BRANCH		41,236	5,015,411,253.21	469	38,200,240.53	115	11,286,887.55	41,351	5,026,698,140.76	4273	196,376,808.04	38	1,548,103.28	16	572,100.00	4289	196,948,908.04	21,673	1,602,363,179.04	293	15,986,427.27	58	4,190,971.91	21,731	1,606,554,150.95	36,497	3,413,048,074.17	352	22,213,813.26	92	7,095,915.64	36589	3,420,143,989.81	13,717	1,232,850,782.44	244	12,642,260.30	44	2,050,099.70	25890	2,172,447,811.55	265	15,366,611.20	59	5,817,217.26	873	23,946,294.65	7	414,666.00	2	20,000.00	17247	1,244,052,400.34	119	7,562,556.78	42	2,420,500.59	5691	342113964.2	39	2214146.25	14	979070	9053	493642659.4	146	4967705.86	26	869677.63	20628	1350082672	184	8158551.79	41	2875667.42	848	23272003.63	7	414666	2	20000	16775	1208642461	111	6523743.36	42	2351500.59	5619	337408278.6	39	2149146.25	14	979070
		1,634	571,742,968	11	3,060,441	8	1,320,902	1,642	573,063,870	484	24,353,392	1	133,000	2	108,000	486	24,461,392	4,675	522,299,919	23	2,497,017	12	1,250,861	4,687	523,550,779	308	49,443,049	5	563,424	2	70,041	310	49,513,091	1,120	164,006,039	11	1,138,672	7	403,843	269	59,514,164	2	380,463	1	410,193	374	10,648,102	3	140,000	1	15,000	1,640	167,124,472	3	564,616	4	340,766	2,049	170,450,191	11	836,689	5	151,100	463	28,098,831	9	385,294	6	213,496	-2,238	-317,892,627	-9	-1,303,176	-9	-645,321	362	10,310,899	3	140,000	1	15,000	1,601	161,273,535	3	504,616	4	335,766	2,015	167,652,411	11	836,689	5	151,100
																																																																																													
FRM DAILY (CWP)		41,236	5,015,411,253.21	469	38,200,240.53	115	11,286,887.55	41,351	5,026,698,140.76																																																																																				
		1,634	571,742,968	11	3,060,441	8	1,320,902	1,642	573,063,870																																																																																				
																																																																																													
FRM DAILY		41,236	5,015,411,253.21	469	38,200,240.53	115	11,286,887.55	41,351	5,026,698,140.76									21,673	1,602,363,179.04	293	15,986,427.27	58	4,190,971.91	21,731	1,606,554,150.95	36,497	3,413,048,074.17	352	22,213,813.26	92	7,095,915.64	36589	3,420,143,989.81	13,717	1,232,850,782.44	244	12,642,260.30	44	2,050,099.70	25890	2,172,447,811.55	265	15,366,611.20	59	5,817,217.26	873	23,946,294.65	7	414,666.00	2	20,000.00	17247	1,244,052,400.34	119	7,562,556.78	42	2,420,500.59	5691	342113964.2	39	2214146.25	14	979070	9053	493642659.4	146	4967705.86	26	869677.63	20628	1350082672	184	8158551.79	41	2875667.42	848	23272003.63	7	414666	2	20000	16775	1208642461	111	6523743.36	42	2351500.59	5619	337408278.6	39	2149146.25	14	979070
		1,634	571,742,968	11	3,060,441	8	1,320,902	1,642	573,063,870									4,675	522,299,919	23	2,497,017	12	1,250,861	4,687	523,550,779	308	49,443,049	5	563,424	2	70,041	310	49,513,091	1,120	164,006,039	11	1,138,672	7	403,843	269	59,514,164	2	380,463	1	410,193	374	10,648,102	3	140,000	1	15,000	1,640	167,124,472	3	564,616	4	340,766	2,049	170,450,191	11	836,689	5	151,100	463	28,098,831	9	385,294	6	213,496	-2,238	-317,892,627	-9	-1,303,176	-9	-645,321	362	10,310,899	3	140,000	1	15,000	1,601	161,273,535	3	504,616	4	335,766	2,015	167,652,411	11	836,689	5	151,100
																																																																																													


before :

REPORT NAME : W-PB-eFDFPX-0126-SUMM@31082026																																																																																													
 																																																																																													
PB eFD via FPX Campaign : 																																																																																													
Summary of Cumulative Original Placements as at 31/08/2026 (Individual & Non Individual)																																																																																													
- (Campaign Period : 1 July 2026 to 30 September 2026)																																																																																													
Summary By Region																																																																																													
 																																																																																													
		TOTAL PLACEMENT SINCE CAMPAIGN LAUNCHED (ORIGAMT)								OF WHICH, TOTAL PLACEMENT FROM NEW A/C (ORIGAMT)								OF WHICH, PREMATURE WITHDRAWAL/MATURED (ORIGAMT)								TOTAL OUTSTANDING PLACEMENT AMOUNT SINCE CAMPAIGN LAUNCHED (ORIGAMT)								TOTAL PLACEMENT SINCE CAMPAIGN LAUNCHED (ORIGAMT)																								TOTAL OUTSTANDING PLACEMENT AMOUNT SINCE CAMPAIGN LAUNCHED (ORIGAMT)																																			
																																		[BREAKDOWN BY TENURE]																								[BREAKDOWN BY TENURE]																																			
		TOTAL PB eFD								TOTAL PB eFD								TOTAL PB eFD								TOTAL PB eFD								PB eFD																								PB eFD																																			
		(3 , 6 , 9 , 12 & 15 MTHS TENURE)								(3 , 6 , 9 , 12 & 15 MTHS TENURE)								(3 , 6 , 9 , 12 & 15 MTHS TENURE)								(3 , 6 , 9 , 12 & 15 MTHS TENURE)								3 MTHS						6 MTHS						9 MTHS						12 MTHS						15 MTHS						3 MTHS						6 MTHS						9 MTHS						12 MTHS						15 MTHS					
		INDIVIDUAL		INDIVIDUAL (OF WHICH, STAFF)		NON-INDIVIDUAL		TOTAL INDIVIDUAL & NON-INDIVIDUAL		INDIVIDUAL		INDIVIDUAL (OF WHICH, STAFF)		NON-INDIVIDUAL		TOTAL INDIVIDUAL & NON-INDIVIDUAL		INDIVIDUAL		INDIVIDUAL (OF WHICH, STAFF)		NON-INDIVIDUAL		TOTAL INDIVIDUAL & NON-INDIVIDUAL		INDIVIDUAL		INDIVIDUAL (OF WHICH, STAFF)		NON-INDIVIDUAL		TOTAL INDIVIDUAL & NON-INDIVIDUAL		INDIVIDUAL		INDIVIDUAL (OF WHICH, STAFF)		NON-INDIVIDUAL		INDIVIDUAL		INDIVIDUAL (OF WHICH, STAFF)		NON-INDIVIDUAL		INDIVIDUAL		INDIVIDUAL (OF WHICH, STAFF)		NON-INDIVIDUAL		INDIVIDUAL		INDIVIDUAL (OF WHICH, STAFF)		NON-INDIVIDUAL		INDIVIDUAL		INDIVIDUAL (OF WHICH, STAFF)		NON-INDIVIDUAL		INDIVIDUAL		INDIVIDUAL (OF WHICH, STAFF)		NON-INDIVIDUAL		INDIVIDUAL		INDIVIDUAL (OF WHICH, STAFF)		NON-INDIVIDUAL		INDIVIDUAL		INDIVIDUAL (OF WHICH, STAFF)		NON-INDIVIDUAL		INDIVIDUAL		INDIVIDUAL (OF WHICH, STAFF)		NON-INDIVIDUAL		INDIVIDUAL		INDIVIDUAL (OF WHICH, STAFF)		NON-INDIVIDUAL	
NO.	 REGION	NO. OF A/C	AMT(RM)	NO. OF A/C	AMT(RM)	NO. OF A/C	AMT(RM)	NO. OF A/C	AMT(RM)	NO. OF A/C	AMT(RM)	NO. OF A/C	AMT(RM)	NO. OF A/C	AMT(RM)	NO. OF A/C	AMT(RM)	NO. OF A/C	AMT(RM)	NO. OF A/C	AMT(RM)	NO. OF A/C	AMT(RM)	NO. OF A/C	AMT(RM)	NO. OF A/C	AMT(RM)	NO. OF A/C	AMT(RM)	NO. OF A/C	AMT(RM)	NO. OF A/C	AMT(RM)	NO. OF A/C	AMT(RM)	NO. OF A/C	AMT(RM)	NO. OF A/C	AMT(RM)	NO. OF A/C	AMT(RM)	NO. OF A/C	AMT(RM)	NO. OF A/C	AMT(RM)	NO. OF A/C	AMT(RM)	NO. OF A/C	AMT(RM)	NO. OF A/C	AMT(RM)	NO. OF A/C	AMT(RM)	NO. OF A/C	AMT(RM)	NO. OF A/C	AMT(RM)	NO. OF A/C	AMT(RM)	NO. OF A/C	AMT(RM)	NO. OF A/C	AMT(RM)	NO. OF A/C	AMT(RM)	NO. OF A/C	AMT(RM)	NO. OF A/C	AMT(RM)	NO. OF A/C	AMT(RM)	NO. OF A/C	AMT(RM)	NO. OF A/C	AMT(RM)	NO. OF A/C	AMT(RM)	NO. OF A/C	AMT(RM)	NO. OF A/C	AMT(RM)	NO. OF A/C	AMT(RM)	NO. OF A/C	AMT(RM)	NO. OF A/C	AMT(RM)	NO. OF A/C	AMT(RM)	NO. OF A/C	AMT(RM)	NO. OF A/C	AMT(RM)
1	CENTRAL	3,484	338,803,617.41	34	2,236,113.65	13	1,341,890.37	3,497	340,145,507.78	349	13,082,172.88	1	30,000.00	2	78,100.00	351	13,160,272.88	1800	108,724,497.36	26	979,957.55	5	140,521.34	1805	108,865,018.70	3,070	230,079,120.05	24	1,256,156.10	12	1,201,369.03	3,082	231,280,489.08	1151	84,385,349.47	23	1,095,746.65	6	345,593.26	2176	151,323,887.86	20	994,460.00	5	370,608.61	60	1,278,347.05	0	0	1	15000	1421	84,821,717.07	6	145,907.00	8	558,688.50	0	0.00	0	0.00	0	0.00	749	34,291,870.96	14	493,789.10	6	225,071.92	1701	95,316,348.54	13	616460	5	350608.61	57	1,238,347.05	0	0.00	1	15,000.00	1380	82598961.78	6	145907	8	558688.5	0	0	0	0	0	0
2	EAST COAST	1,182	119,282,608.81	18	707,843.80	3	235,200.00	1,185	119,517,808.81	124	4,688,204.87	2	103,000.00	0	0	124	4,688,204.87	623	40,246,872.25	10	331,533.95	2	30000	625	40,276,872.25	1041	79,035,736.56	12	376,309.85	3	205,200.00	1044	79,240,936.56	402	31,821,722.09	13	343,576.80	0	0	749	50,793,618.19	8	302,152.00	2	124,600.00	18	609,785.56	0	0	1	5000	449	28,702,734.06	3	62,115.00	3	105600	0	0.00	0	0.00	0	0	266	10,913,219.87	6	150,042.85	0	0.00	599	32,335,428.81	7	164152	2	94600	18	601,785.56	0	0.00	1	5000	439	27860553.41	3	62115	3	105600	0	0	0	0	0	0
3	NORTHERN	5,894	680,546,342.49	48	3,265,071.86	10	1,063,000.00	5,904	681,609,342.49	613	24,859,497.69	3	175,000.00	1	90,000.00	614	24,949,497.69	3,099	214,854,157.45	35	1,642,818.13	6	419,000.00	3,105	215,273,157.45	5,250	465,692,185.04	31	1,622,253.73	8	644,000.00	5,258	466,336,185.04	1,906	168,448,970.24	32	1,783,118.13	5	426,000.00	3709	288,578,027.78	20	1,106,742.85	2	120,000.00	116	3,112,656.35	0	0	0	0	2503	173,789,101.19	9	193,210.88	5	517,000.00	0	0.00	0	0.00	0	0.00	1250	66,810,354.86	17	587,000.00	5	156,000.00	2916	181,053,543.25	11	667042.85	2	40000	113	3,038,656.35	0	0.00	0	0.00	2438	168636931.7	8	186210.88	5	448000	0	0	0	0	0	0
4	SABAH	992	103,721,846.86	6	495,300.00	6	603,665.59	998	104,325,512.45	107	4,107,410.34	0	0	0	0	107	4,107,410.34	547	37,031,183.32	4	182,500.00	3	222,185.76	550	37,253,369.08	844	66,690,663.54	5	312,800.00	5	381,479.83	849	67,072,143.37	390	30,862,269.96	3	255,900.00	3	175,185.76	614	45,278,819.11	3	111,400.00	5	260,509.83	28	972,211.70	0	0	0	0	337	20,132,583.18	1	128,000.00	1	140,000.00	0	0.00	0	0.00	0	0.00	263	12,437,234.89	3	128,400.00	3	63,000.00	476	27,793,392.94	2	56400	5	150509.83	28	972,211.70	0	0.00	0	0.00	321	19225461.1	1	128000	1	140000	0	0	0	0	0	0
5	SARAWAK	2,832	318,881,509.42	38	1,678,886.00	7	552,230.00	2,839	319,433,739.42	293	10,723,579.22	4	22,500.00	0	0	293	10,723,579.22	1522	104,239,270.69	20	863,786.00	5	367,230.00	1527	104,606,500.69	2,455	214,642,238.73	25	815,100.00	4	185,000.00	2,459	214,827,238.73	981	83,845,356.11	25	776,045.00	4	365,000.00	1731	132,583,760.50	16	638,541.00	4	137,230.00	49	1,548,261.82	0	0	0	0	1169	79,546,465.57	6	234,300.00	0	0	0	0.00	0	0.00	0	0.00	642	32,471,199.83	15	263,300.00	4	85,000.00	1371	83,186,145.64	12	287500	4	50000	48	1,543,261.82	0	0.00	0	0	1129	76298966.02	6	234300	0	0	0	0	0	0	0	0
6	SOUTHERN I	3,306	363,444,741.07	22	1,391,548.90	15	699,975.00	3,321	364,144,716.07	402	17,402,267.90	4	63,000.00	4	30,000.00	406	17,432,267.90	1678	115,011,249.46	15	761,311.90	5	185,000.00	1683	115,196,249.46	2,904	248,433,491.61	15	630,237.00	14	514,975.00	2,918	248,948,466.61	1079	87,972,842.16	15	980,647.00	6	197,775.00	2036	157,295,034.71	12	340,901.90	6	323,000.00	65	1,803,067.69	0	0	0	0	1405	92,752,351.49	2	60,000.00	6	143,000.00	0	0.00	0	0.00	0	0.00	689	35,623,314.49	11	359,580.00	6	127,775.00	1634	97,112,940.59	7	200657	6	208000	64	1,703,067.69	0	0.00	0	0.00	1368	90712723.82	2	60000	6	143000	0	0	0	0	0	0
7	SOUTHERN II	3,812	408,177,698.93	30	3,150,350.04	12	495,534.18	3,824	408,673,233.11	416	16,460,413.42	1	18000	1	20,000.00	417	16,480,413.42	1925	128,401,540.05	22	1,771,702.53	7	291,523.92	1932	128,693,063.97	3,381	279,776,158.88	22	1,378,647.51	9	204,010.26	3,390	279,980,169.14	1250	100,826,187.25	23	1,797,336.00	6	187,113.18	2369	171,745,845.47	16	822,820.53	6	250,421.00	70	1,887,048.00	2	289666	0	0	1601	107,510,406.46	5	223,288.51	3	50,000.00	0	0.00	0	0.00	0	0.00	833	38,732,550.09	15	588,354.00	6	95,739.26	1894	109,744,700.30	11	305000	6	50271	69	1,857,048.00	2	289,666.00	0	0.00	1553	103621548.7	4	178388.51	3	50000	0	0	0	0	0	0
8	WP/SEL I	3,744	497,125,894.26	41	6,599,014.47	11	1,683,172.50	3,755	498,809,066.76	393	23,619,527.10	5	153,306.28	1	160,000.00	394	23,779,527.10	1954	156,866,059.46	24	1,889,908.96	6	928,131.05	1960	157,794,190.51	3,308	340,259,834.80	34	4,709,105.51	7	755,041.45	3,315	341,014,876.25	1210	124,616,153.22	15	1,179,133.90	4	123,172.50	2357	211,952,516.96	28	2,919,391.82	5	1,260,000.00	84	2,324,583.44	0	0	0	0	1540	121,263,399.29	13	2,248,288.75	4	270,000.00	0	0.00	0	0.00	0	0.00	809	51,930,249.28	11	671,069.76	4	5,041.45	1873	131,569,923.52	22	1637547	5	450000	83	2,304,583.44	0	0.00	0	0.00	1493	117801219.1	12	2148288.75	4	270000	0	0	0	0	0	0
9	WP/SEL II	2,833	374,848,667.21	8	345,000.00	5	1,086,888.00	2,838	375,935,555.21	321	16,732,499.08	3	20,000.00	0	0	321	16,732,499.08	1509	120,146,465.85	3	130,000.00	4	453888	1513	120,600,353.85	2,518	254,702,201.36	8	215,000.00	4	633,000.00	2,522	255,335,201.36	951	93,011,253.69	3	170,000.00	0	0	1801	165,758,578.81	3	95,000.00	5	1,007,888.00	62	1,775,616.36	0	0	0	0	1208	93,039,584.33	4	80,000.00	1	79,000.00	0	0.00	0	0.00	0	0	631	37,247,186.54	2	60,000.00	0	0.00	1456	104,682,218.53	3	75000	5	554000	61	1,761,616.36	0	0.00	0	0.00	1177	90067588.95	4	80000	1	79000	0	0	0	0	0	0
10	WP/SEL III	3,771	581,624,015.10	23	1,884,811.37	11	922,569.82	3,782	582,546,584.92	345	18,968,661.88	0	0	3	80,000.00	348	19,048,661.88	2064	186,031,145.95	17	766,949.74	5	229,291.84	2069	186,260,437.79	3,368	395,592,869.15	16	1,117,861.63	9	693,277.98	3,377	396,286,147.13	1,266	137,759,670.70	9	278,166.37	3	61,210.00	2443	262,688,690.48	17	743,227.00	8	686,359.82	109	2,992,080.71	0	0	0	0	1643	133,780,363.98	10	653,418.00	4	155,000.00	0	0.00	0	0.00	0	0.00	823	54,963,439.41	2	55,212.63	3	20,000.00	1971	162,510,461.16	10	245577	8	498277.98	106	2,969,080.71	0	0.00	0	0.00	1604	131335678.6	10	607072	4	155000	0	0	0	0	0	0
11	WP/SEL IV	5,484	729,784,437.43	171	14,592,929.86	13	1,061,382.09	5,497	730,845,819.52	526	26,234,031.95	12	629,477.00	4	114,000.00	530	26,348,031.95	2,876	231,977,190.84	99	5,867,457.17	4	87,200.00	2,880	232,064,390.84	4,888	497,807,246.59	140	8,725,472.69	12	974,182.09	4,900	498,781,428.68	1,790	162,456,740.70	68	3,596,509.11	4	102,050.00	3484	322,328,619.14	105	6,320,584.86	6	426,600.00	120	3,480,511.94	4	110000	0	0	2335	190,852,240.01	51	3,063,128.64	5	351,732.09	0	0.00	0	0.00	0	0.00	1199	65,639,953.99	43	1,493,857.52	4	42,050.00	2797	193,237,054.16	73	3451346.7	6	399400	115	3,274,223.92	4	110,000.00	0	0.00	2281	185589687.4	47	2232561.22	5	351732.09	0	0	0	0	0	0
12	WP/SEL V	3,902	499,169,874.22	30	1,853,370.58	9	1,541,380.00	3,911	500,711,254.22	384	19,498,541.71	3	333,820.00	0	0	384	19,498,541.71	2076	158,833,546.36	18	798,501.34	6	837,000.00	2082	159,670,546.36	3,470	340,336,327.86	20	1,054,869.24	5	704,380.00	3,475	341,040,707.86	1,341	126,844,266.85	15	386,081.34	3	67,000.00	2421	212,120,412.54	17	971,389.24	5	850,000.00	92	2,162,124.03	1	15000	0	0	1636	117,861,453.71	9	470,900.00	2	50,480.00	0	0.00	0	0.00	0	0.00	899	52,582,085.19	7	117,100.00	3	50,000.00	1940	131,540,514.55	13	451869.24	5	30000	86	2,008,121.03	1	15,000.00	0	0.00	1592	114893140	8	460900	2	50480	0	0	0	0	0	0
 																																																																																													
TOTAL		41,236	5,015,411,253.21	469	38,200,240.53	115	11,286,887.55	41,351	5,026,698,140.76	4,273	196,376,808.04	38	1,548,103.28	16	572,100.00	4,289	196,948,908.04	21,673	1,602,363,179.04	293	15,986,427.27	58	4,190,971.91	21,731	1,606,554,150.95	36,497	3,413,048,074.17	352	22,213,813.26	92	7,095,915.64	36,589	3,420,143,989.81	13,717	1,232,850,782.44	244	12,642,260.30	44	2,050,099.70	25890	2,172,447,811.55	265	15,366,611.20	59	5,817,217.26	873	23,946,294.65	7	414666	2	20000	17247	1,244,052,400.34	119	7,562,556.78	42	2,420,500.59	5,691	342,113,964.23	39	2,214,146.25	14	979,070.00	9053	493,642,659.40	146	4,967,705.86	26	869,677.63	20628	1,350,082,671.99	184	8158551.79	41	2875667.42	848	23,272,003.63	7	414,666.00	2	20,000.00	16775	1208642461	111	6523743.36	42	2351500.59	5619	337408278.6	39	2149146.25	14	979070
																																																																																													
	FORMULA	41,236	5,015,411,253	469	38,200,241	115	11,286,888	41,351	5,026,698,141	4,273	196,376,808	38	1,548,103	16	572,100	4,289	196,948,908	21,673	1,602,363,179	293	15,986,427	58	4,190,972	21,731	1,606,554,151	36,497	3,413,048,074	352	22,213,813	92	7,095,916	36,589	3,420,143,990	13,717	1,232,850,782	244	12,642,260	44	2,050,100	25,890	2,172,447,812	265	15,366,611	59	5,817,217	873	23,946,295	7	414,666	2	20,000	17,247	1,244,052,400	119	7,562,557	42	2,420,501	0	0	0	0	0	0	9,053	493,642,659	146	4,967,706	44	869,678	20,628	1,350,082,672	184	8,158,552	59	2,875,667	848	23,272,004	7	414,666	2	20,000	16,775	1,208,642,461	111	6,523,743	42	2,351,501	0	0	0	0	0	0
	VARIANCE	0	0	0	0	0	0	0	0	0	0	0	0	0	0	0	0	0	0	0	0	0	0	0	0	0	0	0	0	0	0	0	0	0	0	0	0	0	0	0	0	0	0	0	0	0	0	0	0	0	0	0	0	0	0	0	0	-5,691	-342,113,964	-39	-2,214,146	-14	-979,070	0	0	0	0	18	0	0	0	0	0	18	0	0	0	0	0	0	0	0	0	0	0	0	0	-5,619	-337,408,279	-39	-2,149,146	-14	-979,070
																																																																																													
																																																																																													
																																																																																													
BY BRANCH		41,236	5,015,411,253.21	469	38,200,240.53	115	11,286,887.55	41,351	5,026,698,140.76	4273	196,376,808.04	38	1,548,103.28	16	572,100.00	4289	196,948,908.04	21,673	1,602,363,179.04	293	15,986,427.27	58	4,190,971.91	21,731	1,606,554,150.95	36,497	3,413,048,074.17	352	22,213,813.26	92	7,095,915.64	36589	3,420,143,989.81	13,717	1,232,850,782.44	244	12,642,260.30	44	2,050,099.70	25890	2,172,447,811.55	265	15,366,611.20	59	5,817,217.26	873	23,946,294.65	7	414,666.00	2	20,000.00	17247	1,244,052,400.34	119	7,562,556.78	42	2,420,500.59	5691	342113964.2	39	2214146.25	14	979070	9053	493642659.4	146	4967705.86	26	869677.63	20628	1350082672	184	8158551.79	41	2875667.42	848	23272003.63	7	414666	2	20000	16775	1208642461	111	6523743.36	42	2351500.59	5619	337408278.6	39	2149146.25	14	979070
		0	0	0	0	0	0	0	0	0	0	0	0	0	0	0	0	0	0	0	0	0	0	0	0	0	0	0	0	0	0	0	0	0	0	0	0	0	0	0	0	0	0	0	0	0	0	0	0	0	0	0	0	0	0	0	0	0	0	0	0	0	0	0	0	0	0	0	0	0	0	0	0	0	0	0	0	0	0	0	0	0	0	0	0	0	0	0	0	0	0	0	0
																																																																																													
FRM DAILY (CWP)		41,236	5,015,411,253.21	469	38,200,240.53	115	11,286,887.55	41,351	5,026,698,140.76																																																																																				
		0	0	0	0	0	0	0	0																																																																																				
																																																																																													
FRM DAILY		41,236	5,015,411,253.21	469	38,200,240.53	115	11,286,887.55	41,351	5,026,698,140.76									21,673	1,602,363,179.04	293	15,986,427.27	58	4,190,971.91	21,731	1,606,554,150.95	36,497	3,413,048,074.17	352	22,213,813.26	92	7,095,915.64	36589	3,420,143,989.81	13,717	1,232,850,782.44	244	12,642,260.30	44	2,050,099.70	25890	2,172,447,811.55	265	15,366,611.20	59	5,817,217.26	873	23,946,294.65	7	414,666.00	2	20,000.00	17247	1,244,052,400.34	119	7,562,556.78	42	2,420,500.59	5691	342113964.2	39	2214146.25	14	979070	9053	493642659.4	146	4967705.86	26	869677.63	20628	1350082672	184	8158551.79	41	2875667.42	848	23272003.63	7	414666	2	20000	16775	1208642461	111	6523743.36	42	2351500.59	5619	337408278.6	39	2149146.25	14	979070
		0	0	0	0	0	0	0	0									0	0	0	0	0	0	0	0	0	0	0	0	0	0	0	0	0	0	0	0	0	0	0	0	0	0	0	0	0	0	0	0	0	0	0	0	0	0	0	0	0	0	0	0	0	0	0	0	0	0	0	0	0	0	0	0	0	0	0	0	0	0	0	0	0	0	0	0	0	0	0	0	0	0	0	0
